[65, 91, 97, 103] : 0.78125
[65, 91, 97, 105] : 0.78125
[65, 91, 97, 130] : 0.78125
[65, 91, 97, 153] : 0.78125
[65, 91, 97, 169] : 0.78125
[65, 91, 97, 192] : 0.78125
[65, 91, 97, 217] : 0.78125
[65, 91, 97, 224] : 0.78125
[65, 91, 103, 105] : 0.78125
[65, 91, 103, 130] : 0.78125
[65, 91, 103, 153] : 0.78125
[65, 91, 103, 169] : 0.78125
[65, 91, 103, 192] : 0.78125
[65, 91, 103, 217] : 0.78125
[65, 91, 103, 224] : 0.78125
[65, 91, 105, 130] : 0.78125
[65, 91, 105, 153] : 0.78125
[65, 91, 105, 169] : 0.78125
[65, 91, 105, 192] : 0.78125
[65, 91, 105, 217] : 0.78125
[65, 91, 105, 224] : 0.78125
[65, 91, 130, 153] : 0.78125
[65, 91, 130, 169] : 0.78125
[65, 91, 130, 192] : 0.78125
[65, 91, 130, 217] : 0.78125
[65, 91, 130, 224] : 0.78125
[65, 91, 153, 169] : 0.78125
[65, 91, 153, 192] : 0.78125
[65, 91, 153, 217] : 0.78125
[65, 91, 153, 224] : 0.78125
[65, 91, 169, 192] : 0.78125
[65, 91, 169, 217] : 0.78125
[65, 91, 169, 224] : 0.78125
[65, 91, 192, 217] : 0.78125
[65, 91, 192, 224] : 0.78125
[65, 91, 217, 224] : 0.78125
[65, 97, 103, 105] : 0.78125
[65, 97, 103, 130] : 0.78125
[65, 97, 103, 153] : 0.78125
[65, 97, 103, 169] : 0.78125
[65, 97, 103, 192] : 0.78125
[65, 97, 103, 217] : 0.78125
[65, 97, 103, 224] : 0.78125
[65, 97, 105, 130] : 0.78125
[65, 97, 105, 153] : 0.78125
[65, 97, 105, 169] : 0.78125
[65, 97, 105, 192] : 0.78125
[65, 97, 105, 217] : 0.78125
[65, 97, 105, 224] : 0.78125
[65, 97, 130, 153] : 0.78125
[65, 97, 130, 169] : 0.78125
[65, 97, 130, 192] : 0.78125
[65, 97, 130, 217] : 0.78125
[65, 97, 130, 224] : 0.78125
[65, 97, 153, 169] : 0.78125
[65, 97, 153, 192] : 0.78125
[65, 97, 153, 217] : 0.78125
[65, 97, 153, 224] : 0.78125
[65, 97, 169, 192] : 0.78125
[65, 97, 169, 217] : 0.78125
[65, 97, 169, 224] : 0.78125
[65, 97, 192, 217] : 0.78125
[65, 97, 192, 224] : 0.78125
[65, 97, 217, 224] : 0.78125
[65, 103, 105, 130] : 0.78125
[65, 103, 105, 153] : 0.78125
[65, 103, 105, 169] : 0.78125
[65, 103, 105, 192] : 0.78125
[65, 103, 105, 217] : 0.78125
[65, 103, 105, 224] : 0.78125
[65, 103, 130, 153] : 0.78125
[65, 103, 130, 169] : 0.78125
[65, 103, 130, 192] : 0.78125
[65, 103, 130, 217] : 0.78125
[65, 103, 130, 224] : 0.78125
[65, 103, 153, 169] : 0.78125
[65, 103, 153, 192] : 0.78125
[65, 103, 153, 217] : 0.78125
[65, 103, 153, 224] : 0.78125
[65, 103, 169, 192] : 0.78125
[65, 103, 169, 217] : 0.78125
[65, 103, 169, 224] : 0.78125
[65, 103, 192, 217] : 0.78125
[65, 103, 192, 224] : 0.78125
[65, 103, 217, 224] : 0.78125
[65, 105, 130, 153] : 0.78125
[65, 105, 130, 169] : 0.78125
[65, 105, 130, 192] : 0.78125
[65, 105, 130, 217] : 0.78125
[65, 105, 130, 224] : 0.78125
[65, 105, 153, 169] : 0.78125
[65, 105, 153, 192] : 0.78125
[65, 105, 153, 217] : 0.78125
[65, 105, 153, 224] : 0.78125
[65, 105, 169, 192] : 0.78125
[65, 105, 169, 217] : 0.78125
[65, 105, 169, 224] : 0.78125
[65, 105, 192, 217] : 0.78125
[65, 105, 192, 224] : 0.78125
[65, 105, 217, 224] : 0.78125
[65, 130, 153, 169] : 0.78125
[65, 130, 153, 192] : 0.78125
[65, 130, 153, 217] : 0.78125
[65, 130, 153, 224] : 0.78125
[65, 130, 169, 192] : 0.78125
[65, 130, 169, 217] : 0.78125
[65, 130, 169, 224] : 0.78125
[65, 130, 192, 217] : 0.78125
[65, 130, 192, 224] : 0.78125
[65, 130, 217, 224] : 0.78125
[65, 153, 169, 192] : 0.78125
[65, 153, 169, 217] : 0.78125
[65, 153, 169, 224] : 0.78125
[65, 153, 192, 217] : 0.78125
[65, 153, 192, 224] : 0.78125
[65, 153, 217, 224] : 0.78125
[65, 169, 192, 217] : 0.78125
[65, 169, 192, 224] : 0.78125
[65, 169, 217, 224] : 0.78125
[65, 192, 217, 224] : 0.78125
[91, 97, 103, 105] : 0.78125
[91, 97, 103, 130] : 0.78125
[91, 97, 103, 153] : 0.78125
[91, 97, 103, 169] : 0.78125
[91, 97, 103, 192] : 0.78125
[91, 97, 103, 217] : 0.78125
[91, 97, 103, 224] : 0.78125
[91, 97, 105, 130] : 0.78125
[91, 97, 105, 153] : 0.78125
[91, 97, 105, 169] : 0.78125
[91, 97, 105, 192] : 0.78125
[91, 97, 105, 217] : 0.78125
[91, 97, 105, 224] : 0.78125
[91, 97, 130, 153] : 0.78125
[91, 97, 130, 169] : 0.78125
[91, 97, 130, 192] : 0.78125
[91, 97, 130, 217] : 0.78125
[91, 97, 130, 224] : 0.78125
[91, 97, 153, 169] : 0.78125
[91, 97, 153, 192] : 0.78125
[91, 97, 153, 217] : 0.78125
[91, 97, 153, 224] : 0.78125
[91, 97, 169, 192] : 0.78125
[91, 97, 169, 217] : 0.78125
[91, 97, 169, 224] : 0.78125
[91, 97, 192, 217] : 0.78125
[91, 97, 192, 224] : 0.78125
[91, 97, 217, 224] : 0.78125
[91, 103, 105, 130] : 0.78125
[91, 103, 105, 153] : 0.78125
[91, 103, 105, 169] : 0.78125
[91, 103, 105, 192] : 0.78125
[91, 103, 105, 217] : 0.78125
[91, 103, 105, 224] : 0.78125
[91, 103, 130, 153] : 0.78125
[91, 103, 130, 169] : 0.78125
[91, 103, 130, 192] : 0.78125
[91, 103, 130, 217] : 0.78125
[91, 103, 130, 224] : 0.78125
[91, 103, 153, 169] : 0.78125
[91, 103, 153, 192] : 0.78125
[91, 103, 153, 217] : 0.78125
[91, 103, 153, 224] : 0.78125
[91, 103, 169, 192] : 0.78125
[91, 103, 169, 217] : 0.78125
[91, 103, 169, 224] : 0.78125
[91, 103, 192, 217] : 0.78125
[91, 103, 192, 224] : 0.78125
[91, 103, 217, 224] : 0.78125
[91, 105, 130, 153] : 0.78125
[91, 105, 130, 169] : 0.78125
[91, 105, 130, 192] : 0.78125
[91, 105, 130, 217] : 0.78125
[91, 105, 130, 224] : 0.78125
[91, 105, 153, 169] : 0.78125
[91, 105, 153, 192] : 0.78125
[91, 105, 153, 217] : 0.78125
[91, 105, 153, 224] : 0.78125
[91, 105, 169, 192] : 0.78125
[91, 105, 169, 217] : 0.78125
[91, 105, 169, 224] : 0.78125
[91, 105, 192, 217] : 0.78125
[91, 105, 192, 224] : 0.78125
[91, 105, 217, 224] : 0.78125
[91, 130, 153, 169] : 0.78125
[91, 130, 153, 192] : 0.78125
[91, 130, 153, 217] : 0.78125
[91, 130, 153, 224] : 0.78125
[91, 130, 169, 192] : 0.78125
[91, 130, 169, 217] : 0.78125
[91, 130, 169, 224] : 0.78125
[91, 130, 192, 217] : 0.78125
[91, 130, 192, 224] : 0.78125
[91, 130, 217, 224] : 0.78125
[91, 153, 169, 192] : 0.78125
[91, 153, 169, 217] : 0.78125
[91, 153, 169, 224] : 0.78125
[91, 153, 192, 217] : 0.78125
[91, 153, 192, 224] : 0.78125
[91, 153, 217, 224] : 0.78125
[91, 169, 192, 217] : 0.78125
[91, 169, 192, 224] : 0.78125
[91, 169, 217, 224] : 0.78125
[91, 192, 217, 224] : 0.78125
[97, 103, 105, 130] : 0.78125
[97, 103, 105, 153] : 0.78125
[97, 103, 105, 169] : 0.78125
[97, 103, 105, 192] : 0.78125
[97, 103, 105, 217] : 0.78125
[97, 103, 105, 224] : 0.78125
[97, 103, 130, 153] : 0.78125
[97, 103, 130, 169] : 0.78125
[97, 103, 130, 192] : 0.78125
[97, 103, 130, 217] : 0.78125
[97, 103, 130, 224] : 0.78125
[97, 103, 153, 169] : 0.78125
[97, 103, 153, 192] : 0.78125
[97, 103, 153, 217] : 0.78125
[97, 103, 153, 224] : 0.78125
[97, 103, 169, 192] : 0.78125
[97, 103, 169, 217] : 0.78125
[97, 103, 169, 224] : 0.78125
[97, 103, 192, 217] : 0.78125
[97, 103, 192, 224] : 0.78125
[97, 103, 217, 224] : 0.78125
[97, 105, 130, 153] : 0.78125
[97, 105, 130, 169] : 0.78125
[97, 105, 130, 192] : 0.78125
[97, 105, 130, 217] : 0.78125
[97, 105, 130, 224] : 0.78125
[97, 105, 153, 169] : 0.78125
[97, 105, 153, 192] : 0.78125
[97, 105, 153, 217] : 0.78125
[97, 105, 153, 224] : 0.78125
[97, 105, 169, 192] : 0.78125
[97, 105, 169, 217] : 0.78125
[97, 105, 169, 224] : 0.78125
[97, 105, 192, 217] : 0.78125
[97, 105, 192, 224] : 0.78125
[97, 105, 217, 224] : 0.78125
[97, 130, 153, 169] : 0.78125
[97, 130, 153, 192] : 0.78125
[97, 130, 153, 217] : 0.78125
[97, 130, 153, 224] : 0.78125
[97, 130, 169, 192] : 0.78125
[97, 130, 169, 217] : 0.78125
[97, 130, 169, 224] : 0.78125
[97, 130, 192, 217] : 0.78125
[97, 130, 192, 224] : 0.78125
[97, 130, 217, 224] : 0.78125
[97, 153, 169, 192] : 0.78125
[97, 153, 169, 217] : 0.78125
[97, 153, 169, 224] : 0.78125
[97, 153, 192, 217] : 0.78125
[97, 153, 192, 224] : 0.78125
[97, 153, 217, 224] : 0.78125
[97, 169, 192, 217] : 0.78125
[97, 169, 192, 224] : 0.78125
[97, 169, 217, 224] : 0.78125
[97, 192, 217, 224] : 0.78125
[103, 105, 130, 153] : 0.78125
[103, 105, 130, 169] : 0.78125
[103, 105, 130, 192] : 0.78125
[103, 105, 130, 217] : 0.78125
[103, 105, 130, 224] : 0.78125
[103, 105, 153, 169] : 0.78125
[103, 105, 153, 192] : 0.78125
[103, 105, 153, 217] : 0.78125
[103, 105, 153, 224] : 0.78125
[103, 105, 169, 192] : 0.78125
[103, 105, 169, 217] : 0.78125
[103, 105, 169, 224] : 0.78125
[103, 105, 192, 217] : 0.78125
[103, 105, 192, 224] : 0.78125
[103, 105, 217, 224] : 0.78125
[103, 130, 153, 169] : 0.78125
[103, 130, 153, 192] : 0.78125
[103, 130, 153, 217] : 0.78125
[103, 130, 153, 224] : 0.78125
[103, 130, 169, 192] : 0.78125
[103, 130, 169, 217] : 0.78125
[103, 130, 169, 224] : 0.78125
[103, 130, 192, 217] : 0.78125
[103, 130, 192, 224] : 0.78125
[103, 130, 217, 224] : 0.78125
[103, 153, 169, 192] : 0.78125
[103, 153, 169, 217] : 0.78125
[103, 153, 169, 224] : 0.78125
[103, 153, 192, 217] : 0.78125
[103, 153, 192, 224] : 0.78125
[103, 153, 217, 224] : 0.78125
[103, 169, 192, 217] : 0.78125
[103, 169, 192, 224] : 0.78125
[103, 169, 217, 224] : 0.78125
[103, 192, 217, 224] : 0.78125
[105, 130, 153, 169] : 0.78125
[105, 130, 153, 192] : 0.78125
[105, 130, 153, 217] : 0.78125
[105, 130, 153, 224] : 0.78125
[105, 130, 169, 192] : 0.78125
[105, 130, 169, 217] : 0.78125
[105, 130, 169, 224] : 0.78125
[105, 130, 192, 217] : 0.78125
[105, 130, 192, 224] : 0.78125
[105, 130, 217, 224] : 0.78125
[105, 153, 169, 192] : 0.78125
[105, 153, 169, 217] : 0.78125
[105, 153, 169, 224] : 0.78125
[105, 153, 192, 217] : 0.78125
[105, 153, 192, 224] : 0.78125
[105, 153, 217, 224] : 0.78125
[105, 169, 192, 217] : 0.78125
[105, 169, 192, 224] : 0.78125
[105, 169, 217, 224] : 0.78125
[105, 192, 217, 224] : 0.78125
[130, 153, 169, 192] : 0.78125
[130, 153, 169, 217] : 0.78125
[130, 153, 169, 224] : 0.78125
[130, 153, 192, 217] : 0.78125
[130, 153, 192, 224] : 0.78125
[130, 153, 217, 224] : 0.78125
[130, 169, 192, 217] : 0.78125
[130, 169, 192, 224] : 0.78125
[130, 169, 217, 224] : 0.78125
[130, 192, 217, 224] : 0.78125
[153, 169, 192, 217] : 0.78125
[153, 169, 192, 224] : 0.78125
[153, 169, 217, 224] : 0.78125
[153, 192, 217, 224] : 0.78125
[169, 192, 217, 224] : 0.78125
