[5, 45] : 0.78125
[5, 65] : 0.78125
[5, 81] : 0.765625
[5, 91] : 0.78125
[5, 94] : 0.78125
[5, 97] : 0.78125
[5, 103] : 0.78125
[5, 105] : 0.78125
[5, 111] : 0.765625
[5, 130] : 0.78125
[5, 146] : 0.765625
[5, 152] : 0.765625
[5, 153] : 0.78125
[5, 169] : 0.78125
[5, 192] : 0.78125
[5, 216] : 0.765625
[5, 217] : 0.78125
[5, 224] : 0.78125
[45, 5] : 0.78125
[45, 65] : 0.78125
[45, 81] : 0.78125
[45, 91] : 0.78125
[45, 94] : 0.78125
[45, 97] : 0.78125
[45, 103] : 0.78125
[45, 105] : 0.78125
[45, 111] : 0.78125
[45, 130] : 0.78125
[45, 146] : 0.78125
[45, 152] : 0.78125
[45, 153] : 0.78125
[45, 169] : 0.78125
[45, 192] : 0.78125
[45, 216] : 0.78125
[45, 217] : 0.78125
[45, 224] : 0.78125
[65, 5] : 0.78125
[65, 45] : 0.78125
[65, 81] : 0.78125
[65, 91] : 0.78125
[65, 94] : 0.78125
[65, 97] : 0.78125
[65, 103] : 0.78125
[65, 105] : 0.78125
[65, 111] : 0.78125
[65, 130] : 0.78125
[65, 146] : 0.78125
[65, 152] : 0.78125
[65, 153] : 0.78125
[65, 169] : 0.78125
[65, 192] : 0.78125
[65, 216] : 0.78125
[65, 217] : 0.78125
[65, 224] : 0.78125
[81, 5] : 0.765625
[81, 45] : 0.78125
[81, 65] : 0.78125
[81, 91] : 0.78125
[81, 94] : 0.78125
[81, 97] : 0.78125
[81, 103] : 0.78125
[81, 105] : 0.78125
[81, 111] : 0.78125
[81, 130] : 0.78125
[81, 146] : 0.78125
[81, 152] : 0.78125
[81, 153] : 0.78125
[81, 169] : 0.78125
[81, 192] : 0.78125
[81, 216] : 0.78125
[81, 217] : 0.78125
[81, 224] : 0.78125
[91, 5] : 0.78125
[91, 45] : 0.78125
[91, 65] : 0.78125
[91, 81] : 0.78125
[91, 94] : 0.78125
[91, 97] : 0.78125
[91, 103] : 0.78125
[91, 105] : 0.78125
[91, 111] : 0.78125
[91, 130] : 0.78125
[91, 146] : 0.78125
[91, 152] : 0.78125
[91, 153] : 0.78125
[91, 169] : 0.78125
[91, 192] : 0.78125
[91, 216] : 0.78125
[91, 217] : 0.78125
[91, 224] : 0.78125
[94, 5] : 0.78125
[94, 45] : 0.78125
[94, 65] : 0.78125
[94, 81] : 0.78125
[94, 91] : 0.78125
[94, 97] : 0.78125
[94, 103] : 0.78125
[94, 105] : 0.78125
[94, 111] : 0.78125
[94, 130] : 0.78125
[94, 146] : 0.78125
[94, 152] : 0.78125
[94, 153] : 0.78125
[94, 169] : 0.78125
[94, 192] : 0.78125
[94, 216] : 0.78125
[94, 217] : 0.78125
[94, 224] : 0.78125
[97, 5] : 0.78125
[97, 45] : 0.78125
[97, 65] : 0.78125
[97, 81] : 0.78125
[97, 91] : 0.78125
[97, 94] : 0.78125
[97, 103] : 0.78125
[97, 105] : 0.78125
[97, 111] : 0.78125
[97, 130] : 0.78125
[97, 146] : 0.78125
[97, 152] : 0.78125
[97, 153] : 0.78125
[97, 169] : 0.78125
[97, 192] : 0.78125
[97, 216] : 0.78125
[97, 217] : 0.78125
[97, 224] : 0.78125
[103, 5] : 0.78125
[103, 45] : 0.78125
[103, 65] : 0.78125
[103, 81] : 0.78125
[103, 91] : 0.78125
[103, 94] : 0.78125
[103, 97] : 0.78125
[103, 105] : 0.78125
[103, 111] : 0.78125
[103, 130] : 0.78125
[103, 146] : 0.78125
[103, 152] : 0.78125
[103, 153] : 0.78125
[103, 169] : 0.78125
[103, 192] : 0.78125
[103, 216] : 0.78125
[103, 217] : 0.78125
[103, 224] : 0.78125
[105, 5] : 0.78125
[105, 45] : 0.78125
[105, 65] : 0.78125
[105, 81] : 0.78125
[105, 91] : 0.78125
[105, 94] : 0.78125
[105, 97] : 0.78125
[105, 103] : 0.78125
[105, 111] : 0.78125
[105, 130] : 0.78125
[105, 146] : 0.78125
[105, 152] : 0.78125
[105, 153] : 0.78125
[105, 169] : 0.78125
[105, 192] : 0.78125
[105, 216] : 0.78125
[105, 217] : 0.78125
[105, 224] : 0.78125
[111, 5] : 0.765625
[111, 45] : 0.78125
[111, 65] : 0.78125
[111, 81] : 0.78125
[111, 91] : 0.78125
[111, 94] : 0.78125
[111, 97] : 0.78125
[111, 103] : 0.78125
[111, 105] : 0.78125
[111, 130] : 0.78125
[111, 146] : 0.78125
[111, 152] : 0.78125
[111, 153] : 0.78125
[111, 169] : 0.765625
[111, 192] : 0.78125
[111, 216] : 0.78125
[111, 217] : 0.765625
[111, 224] : 0.78125
[130, 5] : 0.78125
[130, 45] : 0.78125
[130, 65] : 0.78125
[130, 81] : 0.78125
[130, 91] : 0.78125
[130, 94] : 0.78125
[130, 97] : 0.78125
[130, 103] : 0.78125
[130, 105] : 0.78125
[130, 111] : 0.78125
[130, 146] : 0.78125
[130, 152] : 0.78125
[130, 153] : 0.78125
[130, 169] : 0.78125
[130, 192] : 0.78125
[130, 216] : 0.78125
[130, 217] : 0.78125
[130, 224] : 0.78125
[146, 5] : 0.765625
[146, 45] : 0.78125
[146, 65] : 0.78125
[146, 81] : 0.78125
[146, 91] : 0.78125
[146, 94] : 0.78125
[146, 97] : 0.78125
[146, 103] : 0.78125
[146, 105] : 0.78125
[146, 111] : 0.78125
[146, 130] : 0.78125
[146, 152] : 0.78125
[146, 153] : 0.78125
[146, 169] : 0.78125
[146, 192] : 0.78125
[146, 216] : 0.78125
[146, 217] : 0.78125
[146, 224] : 0.78125
[152, 5] : 0.765625
[152, 45] : 0.78125
[152, 65] : 0.78125
[152, 81] : 0.78125
[152, 91] : 0.78125
[152, 94] : 0.78125
[152, 97] : 0.78125
[152, 103] : 0.78125
[152, 105] : 0.78125
[152, 111] : 0.78125
[152, 130] : 0.78125
[152, 146] : 0.78125
[152, 153] : 0.78125
[152, 169] : 0.78125
[152, 192] : 0.78125
[152, 216] : 0.78125
[152, 217] : 0.78125
[152, 224] : 0.78125
[153, 5] : 0.78125
[153, 45] : 0.78125
[153, 65] : 0.78125
[153, 81] : 0.78125
[153, 91] : 0.78125
[153, 94] : 0.78125
[153, 97] : 0.78125
[153, 103] : 0.78125
[153, 105] : 0.78125
[153, 111] : 0.78125
[153, 130] : 0.78125
[153, 146] : 0.78125
[153, 152] : 0.78125
[153, 169] : 0.78125
[153, 192] : 0.78125
[153, 216] : 0.78125
[153, 217] : 0.78125
[153, 224] : 0.78125
[169, 5] : 0.78125
[169, 45] : 0.78125
[169, 65] : 0.78125
[169, 81] : 0.78125
[169, 91] : 0.78125
[169, 94] : 0.78125
[169, 97] : 0.78125
[169, 103] : 0.78125
[169, 105] : 0.78125
[169, 111] : 0.765625
[169, 130] : 0.78125
[169, 146] : 0.78125
[169, 152] : 0.78125
[169, 153] : 0.78125
[169, 192] : 0.78125
[169, 216] : 0.78125
[169, 217] : 0.78125
[169, 224] : 0.78125
[192, 5] : 0.78125
[192, 45] : 0.78125
[192, 65] : 0.78125
[192, 81] : 0.78125
[192, 91] : 0.78125
[192, 94] : 0.78125
[192, 97] : 0.78125
[192, 103] : 0.78125
[192, 105] : 0.78125
[192, 111] : 0.78125
[192, 130] : 0.78125
[192, 146] : 0.78125
[192, 152] : 0.78125
[192, 153] : 0.78125
[192, 169] : 0.78125
[192, 216] : 0.78125
[192, 217] : 0.78125
[192, 224] : 0.78125
[216, 5] : 0.765625
[216, 45] : 0.78125
[216, 65] : 0.78125
[216, 81] : 0.78125
[216, 91] : 0.78125
[216, 94] : 0.78125
[216, 97] : 0.78125
[216, 103] : 0.78125
[216, 105] : 0.78125
[216, 111] : 0.78125
[216, 130] : 0.78125
[216, 146] : 0.78125
[216, 152] : 0.78125
[216, 153] : 0.78125
[216, 169] : 0.78125
[216, 192] : 0.78125
[216, 217] : 0.78125
[216, 224] : 0.78125
[217, 5] : 0.78125
[217, 45] : 0.78125
[217, 65] : 0.78125
[217, 81] : 0.78125
[217, 91] : 0.78125
[217, 94] : 0.78125
[217, 97] : 0.78125
[217, 103] : 0.78125
[217, 105] : 0.78125
[217, 111] : 0.765625
[217, 130] : 0.78125
[217, 146] : 0.78125
[217, 152] : 0.78125
[217, 153] : 0.78125
[217, 169] : 0.78125
[217, 192] : 0.78125
[217, 216] : 0.78125
[217, 224] : 0.78125
[224, 5] : 0.78125
[224, 45] : 0.78125
[224, 65] : 0.78125
[224, 81] : 0.78125
[224, 91] : 0.78125
[224, 94] : 0.78125
[224, 97] : 0.78125
[224, 103] : 0.78125
[224, 105] : 0.78125
[224, 111] : 0.78125
[224, 130] : 0.78125
[224, 146] : 0.78125
[224, 152] : 0.78125
[224, 153] : 0.78125
[224, 169] : 0.78125
[224, 192] : 0.78125
[224, 216] : 0.78125
[224, 217] : 0.78125
