[45, 65, 81] : 0.78125
[45, 65, 91] : 0.78125
[45, 65, 94] : 0.78125
[45, 65, 97] : 0.78125
[45, 65, 103] : 0.78125
[45, 65, 105] : 0.78125
[45, 65, 130] : 0.78125
[45, 65, 146] : 0.78125
[45, 65, 152] : 0.78125
[45, 65, 153] : 0.78125
[45, 65, 169] : 0.78125
[45, 65, 192] : 0.78125
[45, 65, 216] : 0.78125
[45, 65, 217] : 0.78125
[45, 65, 224] : 0.78125
[45, 81, 91] : 0.78125
[45, 81, 94] : 0.78125
[45, 81, 97] : 0.78125
[45, 81, 103] : 0.78125
[45, 81, 105] : 0.78125
[45, 81, 130] : 0.78125
[45, 81, 146] : 0.78125
[45, 81, 152] : 0.78125
[45, 81, 153] : 0.78125
[45, 81, 169] : 0.78125
[45, 81, 192] : 0.78125
[45, 81, 216] : 0.78125
[45, 81, 217] : 0.78125
[45, 81, 224] : 0.78125
[45, 91, 94] : 0.78125
[45, 91, 97] : 0.78125
[45, 91, 103] : 0.78125
[45, 91, 105] : 0.78125
[45, 91, 130] : 0.78125
[45, 91, 146] : 0.78125
[45, 91, 152] : 0.78125
[45, 91, 153] : 0.78125
[45, 91, 169] : 0.78125
[45, 91, 192] : 0.78125
[45, 91, 216] : 0.78125
[45, 91, 217] : 0.78125
[45, 91, 224] : 0.78125
[45, 94, 97] : 0.78125
[45, 94, 103] : 0.78125
[45, 94, 105] : 0.78125
[45, 94, 130] : 0.78125
[45, 94, 146] : 0.78125
[45, 94, 152] : 0.78125
[45, 94, 153] : 0.78125
[45, 94, 169] : 0.78125
[45, 94, 192] : 0.78125
[45, 94, 216] : 0.78125
[45, 94, 217] : 0.78125
[45, 94, 224] : 0.78125
[45, 97, 103] : 0.78125
[45, 97, 105] : 0.78125
[45, 97, 130] : 0.78125
[45, 97, 146] : 0.78125
[45, 97, 152] : 0.78125
[45, 97, 153] : 0.78125
[45, 97, 169] : 0.78125
[45, 97, 192] : 0.78125
[45, 97, 216] : 0.78125
[45, 97, 217] : 0.78125
[45, 97, 224] : 0.78125
[45, 103, 105] : 0.78125
[45, 103, 130] : 0.78125
[45, 103, 146] : 0.78125
[45, 103, 152] : 0.78125
[45, 103, 153] : 0.78125
[45, 103, 169] : 0.78125
[45, 103, 192] : 0.78125
[45, 103, 216] : 0.78125
[45, 103, 217] : 0.78125
[45, 103, 224] : 0.78125
[45, 105, 130] : 0.78125
[45, 105, 146] : 0.78125
[45, 105, 152] : 0.78125
[45, 105, 153] : 0.78125
[45, 105, 169] : 0.78125
[45, 105, 192] : 0.78125
[45, 105, 216] : 0.78125
[45, 105, 217] : 0.78125
[45, 105, 224] : 0.78125
[45, 130, 146] : 0.78125
[45, 130, 152] : 0.78125
[45, 130, 153] : 0.78125
[45, 130, 169] : 0.78125
[45, 130, 192] : 0.78125
[45, 130, 216] : 0.78125
[45, 130, 217] : 0.78125
[45, 130, 224] : 0.78125
[45, 146, 152] : 0.78125
[45, 146, 153] : 0.78125
[45, 146, 169] : 0.78125
[45, 146, 192] : 0.78125
[45, 146, 216] : 0.78125
[45, 146, 217] : 0.78125
[45, 146, 224] : 0.78125
[45, 152, 153] : 0.78125
[45, 152, 169] : 0.78125
[45, 152, 192] : 0.78125
[45, 152, 216] : 0.78125
[45, 152, 217] : 0.78125
[45, 152, 224] : 0.78125
[45, 153, 169] : 0.78125
[45, 153, 192] : 0.78125
[45, 153, 216] : 0.78125
[45, 153, 217] : 0.78125
[45, 153, 224] : 0.78125
[45, 169, 192] : 0.78125
[45, 169, 216] : 0.78125
[45, 169, 217] : 0.78125
[45, 169, 224] : 0.78125
[45, 192, 216] : 0.78125
[45, 192, 217] : 0.78125
[45, 192, 224] : 0.78125
[45, 216, 217] : 0.78125
[45, 216, 224] : 0.78125
[45, 217, 224] : 0.78125
[65, 81, 91] : 0.78125
[65, 81, 94] : 0.78125
[65, 81, 97] : 0.78125
[65, 81, 103] : 0.78125
[65, 81, 105] : 0.78125
[65, 81, 130] : 0.78125
[65, 81, 146] : 0.78125
[65, 81, 152] : 0.78125
[65, 81, 153] : 0.78125
[65, 81, 169] : 0.78125
[65, 81, 192] : 0.78125
[65, 81, 216] : 0.78125
[65, 81, 217] : 0.78125
[65, 81, 224] : 0.78125
[65, 91, 94] : 0.78125
[65, 91, 97] : 0.78125
[65, 91, 103] : 0.78125
[65, 91, 105] : 0.78125
[65, 91, 130] : 0.78125
[65, 91, 146] : 0.78125
[65, 91, 152] : 0.78125
[65, 91, 153] : 0.78125
[65, 91, 169] : 0.78125
[65, 91, 192] : 0.78125
[65, 91, 216] : 0.78125
[65, 91, 217] : 0.78125
[65, 91, 224] : 0.78125
[65, 94, 97] : 0.78125
[65, 94, 103] : 0.78125
[65, 94, 105] : 0.78125
[65, 94, 130] : 0.78125
[65, 94, 146] : 0.78125
[65, 94, 152] : 0.78125
[65, 94, 153] : 0.78125
[65, 94, 169] : 0.78125
[65, 94, 192] : 0.78125
[65, 94, 216] : 0.78125
[65, 94, 217] : 0.78125
[65, 94, 224] : 0.78125
[65, 97, 103] : 0.78125
[65, 97, 105] : 0.78125
[65, 97, 130] : 0.78125
[65, 97, 146] : 0.78125
[65, 97, 152] : 0.78125
[65, 97, 153] : 0.78125
[65, 97, 169] : 0.78125
[65, 97, 192] : 0.78125
[65, 97, 216] : 0.78125
[65, 97, 217] : 0.78125
[65, 97, 224] : 0.78125
[65, 103, 105] : 0.78125
[65, 103, 130] : 0.78125
[65, 103, 146] : 0.78125
[65, 103, 152] : 0.78125
[65, 103, 153] : 0.78125
[65, 103, 169] : 0.78125
[65, 103, 192] : 0.78125
[65, 103, 216] : 0.78125
[65, 103, 217] : 0.78125
[65, 103, 224] : 0.78125
[65, 105, 130] : 0.78125
[65, 105, 146] : 0.78125
[65, 105, 152] : 0.78125
[65, 105, 153] : 0.78125
[65, 105, 169] : 0.78125
[65, 105, 192] : 0.78125
[65, 105, 216] : 0.78125
[65, 105, 217] : 0.78125
[65, 105, 224] : 0.78125
[65, 130, 146] : 0.78125
[65, 130, 152] : 0.78125
[65, 130, 153] : 0.78125
[65, 130, 169] : 0.78125
[65, 130, 192] : 0.78125
[65, 130, 216] : 0.78125
[65, 130, 217] : 0.78125
[65, 130, 224] : 0.78125
[65, 146, 152] : 0.78125
[65, 146, 153] : 0.78125
[65, 146, 169] : 0.78125
[65, 146, 192] : 0.78125
[65, 146, 216] : 0.78125
[65, 146, 217] : 0.78125
[65, 146, 224] : 0.78125
[65, 152, 153] : 0.78125
[65, 152, 169] : 0.78125
[65, 152, 192] : 0.78125
[65, 152, 216] : 0.78125
[65, 152, 217] : 0.78125
[65, 152, 224] : 0.78125
[65, 153, 169] : 0.78125
[65, 153, 192] : 0.78125
[65, 153, 216] : 0.78125
[65, 153, 217] : 0.78125
[65, 153, 224] : 0.78125
[65, 169, 192] : 0.78125
[65, 169, 216] : 0.78125
[65, 169, 217] : 0.78125
[65, 169, 224] : 0.78125
[65, 192, 216] : 0.78125
[65, 192, 217] : 0.78125
[65, 192, 224] : 0.78125
[65, 216, 217] : 0.78125
[65, 216, 224] : 0.78125
[65, 217, 224] : 0.78125
[81, 91, 94] : 0.78125
[81, 91, 97] : 0.78125
[81, 91, 103] : 0.78125
[81, 91, 105] : 0.78125
[81, 91, 130] : 0.78125
[81, 91, 146] : 0.78125
[81, 91, 152] : 0.78125
[81, 91, 153] : 0.78125
[81, 91, 169] : 0.78125
[81, 91, 192] : 0.78125
[81, 91, 216] : 0.78125
[81, 91, 217] : 0.78125
[81, 91, 224] : 0.78125
[81, 94, 97] : 0.78125
[81, 94, 103] : 0.78125
[81, 94, 105] : 0.78125
[81, 94, 130] : 0.78125
[81, 94, 146] : 0.78125
[81, 94, 152] : 0.78125
[81, 94, 153] : 0.78125
[81, 94, 169] : 0.78125
[81, 94, 192] : 0.78125
[81, 94, 216] : 0.78125
[81, 94, 217] : 0.78125
[81, 94, 224] : 0.78125
[81, 97, 103] : 0.78125
[81, 97, 105] : 0.78125
[81, 97, 130] : 0.78125
[81, 97, 146] : 0.78125
[81, 97, 152] : 0.78125
[81, 97, 153] : 0.78125
[81, 97, 169] : 0.78125
[81, 97, 192] : 0.78125
[81, 97, 216] : 0.78125
[81, 97, 217] : 0.78125
[81, 97, 224] : 0.78125
[81, 103, 105] : 0.78125
[81, 103, 130] : 0.78125
[81, 103, 146] : 0.78125
[81, 103, 152] : 0.78125
[81, 103, 153] : 0.78125
[81, 103, 169] : 0.78125
[81, 103, 192] : 0.78125
[81, 103, 216] : 0.78125
[81, 103, 217] : 0.78125
[81, 103, 224] : 0.78125
[81, 105, 130] : 0.78125
[81, 105, 146] : 0.78125
[81, 105, 152] : 0.78125
[81, 105, 153] : 0.78125
[81, 105, 169] : 0.78125
[81, 105, 192] : 0.78125
[81, 105, 216] : 0.78125
[81, 105, 217] : 0.78125
[81, 105, 224] : 0.78125
[81, 130, 146] : 0.78125
[81, 130, 152] : 0.78125
[81, 130, 153] : 0.78125
[81, 130, 169] : 0.78125
[81, 130, 192] : 0.78125
[81, 130, 216] : 0.78125
[81, 130, 217] : 0.78125
[81, 130, 224] : 0.78125
[81, 146, 152] : 0.765625
[81, 146, 153] : 0.78125
[81, 146, 169] : 0.78125
[81, 146, 192] : 0.78125
[81, 146, 216] : 0.78125
[81, 146, 217] : 0.78125
[81, 146, 224] : 0.78125
[81, 152, 153] : 0.78125
[81, 152, 169] : 0.78125
[81, 152, 192] : 0.78125
[81, 152, 216] : 0.765625
[81, 152, 217] : 0.78125
[81, 152, 224] : 0.78125
[81, 153, 169] : 0.78125
[81, 153, 192] : 0.78125
[81, 153, 216] : 0.78125
[81, 153, 217] : 0.78125
[81, 153, 224] : 0.78125
[81, 169, 192] : 0.78125
[81, 169, 216] : 0.78125
[81, 169, 217] : 0.78125
[81, 169, 224] : 0.78125
[81, 192, 216] : 0.78125
[81, 192, 217] : 0.78125
[81, 192, 224] : 0.78125
[81, 216, 217] : 0.78125
[81, 216, 224] : 0.78125
[81, 217, 224] : 0.78125
[91, 94, 97] : 0.78125
[91, 94, 103] : 0.78125
[91, 94, 105] : 0.78125
[91, 94, 130] : 0.78125
[91, 94, 146] : 0.78125
[91, 94, 152] : 0.78125
[91, 94, 153] : 0.78125
[91, 94, 169] : 0.78125
[91, 94, 192] : 0.78125
[91, 94, 216] : 0.78125
[91, 94, 217] : 0.78125
[91, 94, 224] : 0.78125
[91, 97, 103] : 0.78125
[91, 97, 105] : 0.78125
[91, 97, 130] : 0.78125
[91, 97, 146] : 0.78125
[91, 97, 152] : 0.78125
[91, 97, 153] : 0.78125
[91, 97, 169] : 0.78125
[91, 97, 192] : 0.78125
[91, 97, 216] : 0.78125
[91, 97, 217] : 0.78125
[91, 97, 224] : 0.78125
[91, 103, 105] : 0.78125
[91, 103, 130] : 0.78125
[91, 103, 146] : 0.78125
[91, 103, 152] : 0.78125
[91, 103, 153] : 0.78125
[91, 103, 169] : 0.78125
[91, 103, 192] : 0.78125
[91, 103, 216] : 0.78125
[91, 103, 217] : 0.78125
[91, 103, 224] : 0.78125
[91, 105, 130] : 0.78125
[91, 105, 146] : 0.78125
[91, 105, 152] : 0.78125
[91, 105, 153] : 0.78125
[91, 105, 169] : 0.78125
[91, 105, 192] : 0.78125
[91, 105, 216] : 0.78125
[91, 105, 217] : 0.78125
[91, 105, 224] : 0.78125
[91, 130, 146] : 0.78125
[91, 130, 152] : 0.78125
[91, 130, 153] : 0.78125
[91, 130, 169] : 0.78125
[91, 130, 192] : 0.78125
[91, 130, 216] : 0.78125
[91, 130, 217] : 0.78125
[91, 130, 224] : 0.78125
[91, 146, 152] : 0.78125
[91, 146, 153] : 0.78125
[91, 146, 169] : 0.78125
[91, 146, 192] : 0.78125
[91, 146, 216] : 0.78125
[91, 146, 217] : 0.78125
[91, 146, 224] : 0.78125
[91, 152, 153] : 0.78125
[91, 152, 169] : 0.78125
[91, 152, 192] : 0.78125
[91, 152, 216] : 0.78125
[91, 152, 217] : 0.78125
[91, 152, 224] : 0.78125
[91, 153, 169] : 0.78125
[91, 153, 192] : 0.78125
[91, 153, 216] : 0.78125
[91, 153, 217] : 0.78125
[91, 153, 224] : 0.78125
[91, 169, 192] : 0.78125
[91, 169, 216] : 0.78125
[91, 169, 217] : 0.78125
[91, 169, 224] : 0.78125
[91, 192, 216] : 0.78125
[91, 192, 217] : 0.78125
[91, 192, 224] : 0.78125
[91, 216, 217] : 0.78125
[91, 216, 224] : 0.78125
[91, 217, 224] : 0.78125
[94, 97, 103] : 0.78125
[94, 97, 105] : 0.78125
[94, 97, 130] : 0.78125
[94, 97, 146] : 0.78125
[94, 97, 152] : 0.78125
[94, 97, 153] : 0.78125
[94, 97, 169] : 0.78125
[94, 97, 192] : 0.78125
[94, 97, 216] : 0.78125
[94, 97, 217] : 0.78125
[94, 97, 224] : 0.78125
[94, 103, 105] : 0.78125
[94, 103, 130] : 0.78125
[94, 103, 146] : 0.78125
[94, 103, 152] : 0.78125
[94, 103, 153] : 0.78125
[94, 103, 169] : 0.78125
[94, 103, 192] : 0.78125
[94, 103, 216] : 0.78125
[94, 103, 217] : 0.78125
[94, 103, 224] : 0.78125
[94, 105, 130] : 0.78125
[94, 105, 146] : 0.78125
[94, 105, 152] : 0.78125
[94, 105, 153] : 0.78125
[94, 105, 169] : 0.78125
[94, 105, 192] : 0.78125
[94, 105, 216] : 0.78125
[94, 105, 217] : 0.78125
[94, 105, 224] : 0.78125
[94, 130, 146] : 0.78125
[94, 130, 152] : 0.78125
[94, 130, 153] : 0.78125
[94, 130, 169] : 0.78125
[94, 130, 192] : 0.78125
[94, 130, 216] : 0.78125
[94, 130, 217] : 0.78125
[94, 130, 224] : 0.78125
[94, 146, 152] : 0.765625
[94, 146, 153] : 0.78125
[94, 146, 169] : 0.78125
[94, 146, 192] : 0.78125
[94, 146, 216] : 0.78125
[94, 146, 217] : 0.78125
[94, 146, 224] : 0.78125
[94, 152, 153] : 0.78125
[94, 152, 169] : 0.78125
[94, 152, 192] : 0.78125
[94, 152, 216] : 0.78125
[94, 152, 217] : 0.78125
[94, 152, 224] : 0.78125
[94, 153, 169] : 0.78125
[94, 153, 192] : 0.78125
[94, 153, 216] : 0.78125
[94, 153, 217] : 0.78125
[94, 153, 224] : 0.78125
[94, 169, 192] : 0.78125
[94, 169, 216] : 0.78125
[94, 169, 217] : 0.78125
[94, 169, 224] : 0.78125
[94, 192, 216] : 0.78125
[94, 192, 217] : 0.78125
[94, 192, 224] : 0.78125
[94, 216, 217] : 0.78125
[94, 216, 224] : 0.78125
[94, 217, 224] : 0.78125
[97, 103, 105] : 0.78125
[97, 103, 130] : 0.78125
[97, 103, 146] : 0.78125
[97, 103, 152] : 0.78125
[97, 103, 153] : 0.78125
[97, 103, 169] : 0.78125
[97, 103, 192] : 0.78125
[97, 103, 216] : 0.78125
[97, 103, 217] : 0.78125
[97, 103, 224] : 0.78125
[97, 105, 130] : 0.78125
[97, 105, 146] : 0.78125
[97, 105, 152] : 0.78125
[97, 105, 153] : 0.78125
[97, 105, 169] : 0.78125
[97, 105, 192] : 0.78125
[97, 105, 216] : 0.78125
[97, 105, 217] : 0.78125
[97, 105, 224] : 0.78125
[97, 130, 146] : 0.78125
[97, 130, 152] : 0.78125
[97, 130, 153] : 0.78125
[97, 130, 169] : 0.78125
[97, 130, 192] : 0.78125
[97, 130, 216] : 0.78125
[97, 130, 217] : 0.78125
[97, 130, 224] : 0.78125
[97, 146, 152] : 0.78125
[97, 146, 153] : 0.78125
[97, 146, 169] : 0.78125
[97, 146, 192] : 0.78125
[97, 146, 216] : 0.78125
[97, 146, 217] : 0.78125
[97, 146, 224] : 0.78125
[97, 152, 153] : 0.78125
[97, 152, 169] : 0.78125
[97, 152, 192] : 0.78125
[97, 152, 216] : 0.78125
[97, 152, 217] : 0.78125
[97, 152, 224] : 0.78125
[97, 153, 169] : 0.78125
[97, 153, 192] : 0.78125
[97, 153, 216] : 0.78125
[97, 153, 217] : 0.78125
[97, 153, 224] : 0.78125
[97, 169, 192] : 0.78125
[97, 169, 216] : 0.78125
[97, 169, 217] : 0.78125
[97, 169, 224] : 0.78125
[97, 192, 216] : 0.78125
[97, 192, 217] : 0.78125
[97, 192, 224] : 0.78125
[97, 216, 217] : 0.78125
[97, 216, 224] : 0.78125
[97, 217, 224] : 0.78125
[103, 105, 130] : 0.78125
[103, 105, 146] : 0.78125
[103, 105, 152] : 0.78125
[103, 105, 153] : 0.78125
[103, 105, 169] : 0.78125
[103, 105, 192] : 0.78125
[103, 105, 216] : 0.78125
[103, 105, 217] : 0.78125
[103, 105, 224] : 0.78125
[103, 130, 146] : 0.78125
[103, 130, 152] : 0.78125
[103, 130, 153] : 0.78125
[103, 130, 169] : 0.78125
[103, 130, 192] : 0.78125
[103, 130, 216] : 0.78125
[103, 130, 217] : 0.78125
[103, 130, 224] : 0.78125
[103, 146, 152] : 0.78125
[103, 146, 153] : 0.78125
[103, 146, 169] : 0.78125
[103, 146, 192] : 0.78125
[103, 146, 216] : 0.78125
[103, 146, 217] : 0.78125
[103, 146, 224] : 0.78125
[103, 152, 153] : 0.78125
[103, 152, 169] : 0.78125
[103, 152, 192] : 0.78125
[103, 152, 216] : 0.78125
[103, 152, 217] : 0.78125
[103, 152, 224] : 0.78125
[103, 153, 169] : 0.78125
[103, 153, 192] : 0.78125
[103, 153, 216] : 0.78125
[103, 153, 217] : 0.78125
[103, 153, 224] : 0.78125
[103, 169, 192] : 0.78125
[103, 169, 216] : 0.78125
[103, 169, 217] : 0.78125
[103, 169, 224] : 0.78125
[103, 192, 216] : 0.78125
[103, 192, 217] : 0.78125
[103, 192, 224] : 0.78125
[103, 216, 217] : 0.78125
[103, 216, 224] : 0.78125
[103, 217, 224] : 0.78125
[105, 130, 146] : 0.78125
[105, 130, 152] : 0.78125
[105, 130, 153] : 0.78125
[105, 130, 169] : 0.78125
[105, 130, 192] : 0.78125
[105, 130, 216] : 0.78125
[105, 130, 217] : 0.78125
[105, 130, 224] : 0.78125
[105, 146, 152] : 0.78125
[105, 146, 153] : 0.78125
[105, 146, 169] : 0.78125
[105, 146, 192] : 0.78125
[105, 146, 216] : 0.78125
[105, 146, 217] : 0.78125
[105, 146, 224] : 0.78125
[105, 152, 153] : 0.78125
[105, 152, 169] : 0.78125
[105, 152, 192] : 0.78125
[105, 152, 216] : 0.78125
[105, 152, 217] : 0.78125
[105, 152, 224] : 0.78125
[105, 153, 169] : 0.78125
[105, 153, 192] : 0.78125
[105, 153, 216] : 0.78125
[105, 153, 217] : 0.78125
[105, 153, 224] : 0.78125
[105, 169, 192] : 0.78125
[105, 169, 216] : 0.78125
[105, 169, 217] : 0.78125
[105, 169, 224] : 0.78125
[105, 192, 216] : 0.78125
[105, 192, 217] : 0.78125
[105, 192, 224] : 0.78125
[105, 216, 217] : 0.78125
[105, 216, 224] : 0.78125
[105, 217, 224] : 0.78125
[130, 146, 152] : 0.78125
[130, 146, 153] : 0.78125
[130, 146, 169] : 0.78125
[130, 146, 192] : 0.78125
[130, 146, 216] : 0.78125
[130, 146, 217] : 0.78125
[130, 146, 224] : 0.78125
[130, 152, 153] : 0.78125
[130, 152, 169] : 0.78125
[130, 152, 192] : 0.78125
[130, 152, 216] : 0.78125
[130, 152, 217] : 0.78125
[130, 152, 224] : 0.78125
[130, 153, 169] : 0.78125
[130, 153, 192] : 0.78125
[130, 153, 216] : 0.78125
[130, 153, 217] : 0.78125
[130, 153, 224] : 0.78125
[130, 169, 192] : 0.78125
[130, 169, 216] : 0.78125
[130, 169, 217] : 0.78125
[130, 169, 224] : 0.78125
[130, 192, 216] : 0.78125
[130, 192, 217] : 0.78125
[130, 192, 224] : 0.78125
[130, 216, 217] : 0.78125
[130, 216, 224] : 0.78125
[130, 217, 224] : 0.78125
[146, 152, 153] : 0.78125
[146, 152, 169] : 0.78125
[146, 152, 192] : 0.765625
[146, 152, 216] : 0.765625
[146, 152, 217] : 0.78125
[146, 152, 224] : 0.78125
[146, 153, 169] : 0.78125
[146, 153, 192] : 0.78125
[146, 153, 216] : 0.78125
[146, 153, 217] : 0.78125
[146, 153, 224] : 0.78125
[146, 169, 192] : 0.78125
[146, 169, 216] : 0.78125
[146, 169, 217] : 0.78125
[146, 169, 224] : 0.78125
[146, 192, 216] : 0.78125
[146, 192, 217] : 0.78125
[146, 192, 224] : 0.78125
[146, 216, 217] : 0.78125
[146, 216, 224] : 0.78125
[146, 217, 224] : 0.78125
[152, 153, 169] : 0.78125
[152, 153, 192] : 0.78125
[152, 153, 216] : 0.78125
[152, 153, 217] : 0.78125
[152, 153, 224] : 0.78125
[152, 169, 192] : 0.78125
[152, 169, 216] : 0.78125
[152, 169, 217] : 0.78125
[152, 169, 224] : 0.78125
[152, 192, 216] : 0.78125
[152, 192, 217] : 0.78125
[152, 192, 224] : 0.78125
[152, 216, 217] : 0.78125
[152, 216, 224] : 0.78125
[152, 217, 224] : 0.78125
[153, 169, 192] : 0.78125
[153, 169, 216] : 0.78125
[153, 169, 217] : 0.78125
[153, 169, 224] : 0.78125
[153, 192, 216] : 0.78125
[153, 192, 217] : 0.78125
[153, 192, 224] : 0.78125
[153, 216, 217] : 0.78125
[153, 216, 224] : 0.78125
[153, 217, 224] : 0.78125
[169, 192, 216] : 0.78125
[169, 192, 217] : 0.78125
[169, 192, 224] : 0.78125
[169, 216, 217] : 0.78125
[169, 216, 224] : 0.78125
[169, 217, 224] : 0.78125
[192, 216, 217] : 0.78125
[192, 216, 224] : 0.78125
[192, 217, 224] : 0.78125
[216, 217, 224] : 0.78125
