[45, 65, 97, 103, 105, 130] : 0.78125
[45, 65, 97, 103, 105, 153] : 0.78125
[45, 65, 97, 103, 105, 224] : 0.78125
[45, 65, 97, 103, 130, 153] : 0.78125
[45, 65, 97, 103, 130, 224] : 0.78125
[45, 65, 97, 103, 153, 224] : 0.78125
[45, 65, 97, 105, 130, 153] : 0.78125
[45, 65, 97, 105, 130, 224] : 0.78125
[45, 65, 97, 105, 153, 224] : 0.78125
[45, 65, 97, 130, 153, 224] : 0.78125
[45, 65, 103, 105, 130, 153] : 0.78125
[45, 65, 103, 105, 130, 224] : 0.78125
[45, 65, 103, 105, 153, 224] : 0.78125
[45, 65, 103, 130, 153, 224] : 0.78125
[45, 65, 105, 130, 153, 224] : 0.78125
[45, 97, 103, 105, 130, 153] : 0.78125
[45, 97, 103, 105, 130, 224] : 0.78125
[45, 97, 103, 105, 153, 224] : 0.78125
[45, 97, 103, 130, 153, 224] : 0.78125
[45, 97, 105, 130, 153, 224] : 0.78125
[45, 103, 105, 130, 153, 224] : 0.78125
[65, 97, 103, 105, 130, 153] : 0.78125
[65, 97, 103, 105, 130, 224] : 0.78125
[65, 97, 103, 105, 153, 224] : 0.78125
[65, 97, 103, 130, 153, 224] : 0.78125
[65, 97, 105, 130, 153, 224] : 0.78125
[65, 103, 105, 130, 153, 224] : 0.78125
[97, 103, 105, 130, 153, 224] : 0.78125
