[45, 65, 91, 97] : 0.78125
[45, 65, 91, 103] : 0.78125
[45, 65, 91, 105] : 0.78125
[45, 65, 91, 130] : 0.78125
[45, 65, 91, 153] : 0.78125
[45, 65, 91, 169] : 0.78125
[45, 65, 91, 192] : 0.78125
[45, 65, 91, 217] : 0.78125
[45, 65, 91, 224] : 0.78125
[45, 65, 97, 91] : 0.78125
[45, 65, 97, 103] : 0.78125
[45, 65, 97, 105] : 0.78125
[45, 65, 97, 130] : 0.78125
[45, 65, 97, 153] : 0.78125
[45, 65, 97, 169] : 0.78125
[45, 65, 97, 192] : 0.78125
[45, 65, 97, 217] : 0.78125
[45, 65, 97, 224] : 0.78125
[45, 65, 103, 91] : 0.78125
[45, 65, 103, 97] : 0.78125
[45, 65, 103, 105] : 0.78125
[45, 65, 103, 130] : 0.78125
[45, 65, 103, 153] : 0.78125
[45, 65, 103, 169] : 0.78125
[45, 65, 103, 192] : 0.78125
[45, 65, 103, 217] : 0.78125
[45, 65, 103, 224] : 0.78125
[45, 65, 105, 91] : 0.78125
[45, 65, 105, 97] : 0.78125
[45, 65, 105, 103] : 0.78125
[45, 65, 105, 130] : 0.78125
[45, 65, 105, 153] : 0.78125
[45, 65, 105, 169] : 0.78125
[45, 65, 105, 192] : 0.78125
[45, 65, 105, 217] : 0.78125
[45, 65, 105, 224] : 0.78125
[45, 65, 130, 91] : 0.78125
[45, 65, 130, 97] : 0.78125
[45, 65, 130, 103] : 0.78125
[45, 65, 130, 105] : 0.78125
[45, 65, 130, 153] : 0.78125
[45, 65, 130, 169] : 0.78125
[45, 65, 130, 192] : 0.78125
[45, 65, 130, 217] : 0.78125
[45, 65, 130, 224] : 0.78125
[45, 65, 153, 91] : 0.78125
[45, 65, 153, 97] : 0.78125
[45, 65, 153, 103] : 0.78125
[45, 65, 153, 105] : 0.78125
[45, 65, 153, 130] : 0.78125
[45, 65, 153, 169] : 0.78125
[45, 65, 153, 192] : 0.78125
[45, 65, 153, 217] : 0.78125
[45, 65, 153, 224] : 0.78125
[45, 65, 169, 91] : 0.78125
[45, 65, 169, 97] : 0.78125
[45, 65, 169, 103] : 0.78125
[45, 65, 169, 105] : 0.78125
[45, 65, 169, 130] : 0.78125
[45, 65, 169, 153] : 0.78125
[45, 65, 169, 192] : 0.78125
[45, 65, 169, 217] : 0.78125
[45, 65, 169, 224] : 0.78125
[45, 65, 192, 91] : 0.78125
[45, 65, 192, 97] : 0.78125
[45, 65, 192, 103] : 0.78125
[45, 65, 192, 105] : 0.78125
[45, 65, 192, 130] : 0.78125
[45, 65, 192, 153] : 0.78125
[45, 65, 192, 169] : 0.78125
[45, 65, 192, 217] : 0.78125
[45, 65, 192, 224] : 0.78125
[45, 65, 217, 91] : 0.78125
[45, 65, 217, 97] : 0.78125
[45, 65, 217, 103] : 0.78125
[45, 65, 217, 105] : 0.78125
[45, 65, 217, 130] : 0.78125
[45, 65, 217, 153] : 0.78125
[45, 65, 217, 169] : 0.78125
[45, 65, 217, 192] : 0.78125
[45, 65, 217, 224] : 0.78125
[45, 65, 224, 91] : 0.78125
[45, 65, 224, 97] : 0.78125
[45, 65, 224, 103] : 0.78125
[45, 65, 224, 105] : 0.78125
[45, 65, 224, 130] : 0.78125
[45, 65, 224, 153] : 0.78125
[45, 65, 224, 169] : 0.78125
[45, 65, 224, 192] : 0.78125
[45, 65, 224, 217] : 0.78125
[45, 91, 65, 97] : 0.78125
[45, 91, 65, 103] : 0.78125
[45, 91, 65, 105] : 0.78125
[45, 91, 65, 130] : 0.78125
[45, 91, 65, 153] : 0.78125
[45, 91, 65, 169] : 0.78125
[45, 91, 65, 192] : 0.78125
[45, 91, 65, 217] : 0.78125
[45, 91, 65, 224] : 0.78125
[45, 91, 97, 65] : 0.78125
[45, 91, 97, 103] : 0.78125
[45, 91, 97, 105] : 0.78125
[45, 91, 97, 130] : 0.78125
[45, 91, 97, 153] : 0.78125
[45, 91, 97, 169] : 0.78125
[45, 91, 97, 192] : 0.78125
[45, 91, 97, 217] : 0.78125
[45, 91, 97, 224] : 0.78125
[45, 91, 103, 65] : 0.78125
[45, 91, 103, 97] : 0.78125
[45, 91, 103, 105] : 0.78125
[45, 91, 103, 130] : 0.78125
[45, 91, 103, 153] : 0.78125
[45, 91, 103, 169] : 0.78125
[45, 91, 103, 192] : 0.78125
[45, 91, 103, 217] : 0.78125
[45, 91, 103, 224] : 0.78125
[45, 91, 105, 65] : 0.78125
[45, 91, 105, 97] : 0.78125
[45, 91, 105, 103] : 0.78125
[45, 91, 105, 130] : 0.78125
[45, 91, 105, 153] : 0.78125
[45, 91, 105, 169] : 0.78125
[45, 91, 105, 192] : 0.78125
[45, 91, 105, 217] : 0.78125
[45, 91, 105, 224] : 0.78125
[45, 91, 130, 65] : 0.78125
[45, 91, 130, 97] : 0.78125
[45, 91, 130, 103] : 0.78125
[45, 91, 130, 105] : 0.78125
[45, 91, 130, 153] : 0.78125
[45, 91, 130, 169] : 0.78125
[45, 91, 130, 192] : 0.78125
[45, 91, 130, 217] : 0.78125
[45, 91, 130, 224] : 0.78125
[45, 91, 153, 65] : 0.78125
[45, 91, 153, 97] : 0.78125
[45, 91, 153, 103] : 0.78125
[45, 91, 153, 105] : 0.78125
[45, 91, 153, 130] : 0.78125
[45, 91, 153, 169] : 0.78125
[45, 91, 153, 192] : 0.78125
[45, 91, 153, 217] : 0.78125
[45, 91, 153, 224] : 0.78125
[45, 91, 169, 65] : 0.78125
[45, 91, 169, 97] : 0.78125
[45, 91, 169, 103] : 0.78125
[45, 91, 169, 105] : 0.78125
[45, 91, 169, 130] : 0.78125
[45, 91, 169, 153] : 0.78125
[45, 91, 169, 192] : 0.78125
[45, 91, 169, 217] : 0.78125
[45, 91, 169, 224] : 0.78125
[45, 91, 192, 65] : 0.78125
[45, 91, 192, 97] : 0.78125
[45, 91, 192, 103] : 0.78125
[45, 91, 192, 105] : 0.78125
[45, 91, 192, 130] : 0.78125
[45, 91, 192, 153] : 0.78125
[45, 91, 192, 169] : 0.78125
[45, 91, 192, 217] : 0.78125
[45, 91, 192, 224] : 0.78125
[45, 91, 217, 65] : 0.78125
[45, 91, 217, 97] : 0.78125
[45, 91, 217, 103] : 0.78125
[45, 91, 217, 105] : 0.78125
[45, 91, 217, 130] : 0.78125
[45, 91, 217, 153] : 0.78125
[45, 91, 217, 169] : 0.78125
[45, 91, 217, 192] : 0.78125
[45, 91, 217, 224] : 0.78125
[45, 91, 224, 65] : 0.78125
[45, 91, 224, 97] : 0.78125
[45, 91, 224, 103] : 0.78125
[45, 91, 224, 105] : 0.78125
[45, 91, 224, 130] : 0.78125
[45, 91, 224, 153] : 0.78125
[45, 91, 224, 169] : 0.78125
[45, 91, 224, 192] : 0.78125
[45, 91, 224, 217] : 0.78125
[45, 97, 65, 91] : 0.78125
[45, 97, 65, 103] : 0.78125
[45, 97, 65, 105] : 0.78125
[45, 97, 65, 130] : 0.78125
[45, 97, 65, 153] : 0.78125
[45, 97, 65, 169] : 0.78125
[45, 97, 65, 192] : 0.78125
[45, 97, 65, 217] : 0.78125
[45, 97, 65, 224] : 0.78125
[45, 97, 91, 65] : 0.78125
[45, 97, 91, 103] : 0.78125
[45, 97, 91, 105] : 0.78125
[45, 97, 91, 130] : 0.78125
[45, 97, 91, 153] : 0.78125
[45, 97, 91, 169] : 0.78125
[45, 97, 91, 192] : 0.78125
[45, 97, 91, 217] : 0.78125
[45, 97, 91, 224] : 0.78125
[45, 97, 103, 65] : 0.78125
[45, 97, 103, 91] : 0.78125
[45, 97, 103, 105] : 0.78125
[45, 97, 103, 130] : 0.78125
[45, 97, 103, 153] : 0.78125
[45, 97, 103, 169] : 0.78125
[45, 97, 103, 192] : 0.78125
[45, 97, 103, 217] : 0.78125
[45, 97, 103, 224] : 0.78125
[45, 97, 105, 65] : 0.78125
[45, 97, 105, 91] : 0.78125
[45, 97, 105, 103] : 0.78125
[45, 97, 105, 130] : 0.78125
[45, 97, 105, 153] : 0.78125
[45, 97, 105, 169] : 0.78125
[45, 97, 105, 192] : 0.78125
[45, 97, 105, 217] : 0.78125
[45, 97, 105, 224] : 0.78125
[45, 97, 130, 65] : 0.78125
[45, 97, 130, 91] : 0.78125
[45, 97, 130, 103] : 0.78125
[45, 97, 130, 105] : 0.78125
[45, 97, 130, 153] : 0.78125
[45, 97, 130, 169] : 0.78125
[45, 97, 130, 192] : 0.78125
[45, 97, 130, 217] : 0.78125
[45, 97, 130, 224] : 0.78125
[45, 97, 153, 65] : 0.78125
[45, 97, 153, 91] : 0.78125
[45, 97, 153, 103] : 0.78125
[45, 97, 153, 105] : 0.78125
[45, 97, 153, 130] : 0.78125
[45, 97, 153, 169] : 0.78125
[45, 97, 153, 192] : 0.78125
[45, 97, 153, 217] : 0.78125
[45, 97, 153, 224] : 0.78125
[45, 97, 169, 65] : 0.78125
[45, 97, 169, 91] : 0.78125
[45, 97, 169, 103] : 0.78125
[45, 97, 169, 105] : 0.78125
[45, 97, 169, 130] : 0.78125
[45, 97, 169, 153] : 0.78125
[45, 97, 169, 192] : 0.78125
[45, 97, 169, 217] : 0.78125
[45, 97, 169, 224] : 0.78125
[45, 97, 192, 65] : 0.78125
[45, 97, 192, 91] : 0.78125
[45, 97, 192, 103] : 0.78125
[45, 97, 192, 105] : 0.78125
[45, 97, 192, 130] : 0.78125
[45, 97, 192, 153] : 0.78125
[45, 97, 192, 169] : 0.78125
[45, 97, 192, 217] : 0.78125
[45, 97, 192, 224] : 0.78125
[45, 97, 217, 65] : 0.78125
[45, 97, 217, 91] : 0.78125
[45, 97, 217, 103] : 0.78125
[45, 97, 217, 105] : 0.78125
[45, 97, 217, 130] : 0.78125
[45, 97, 217, 153] : 0.78125
[45, 97, 217, 169] : 0.78125
[45, 97, 217, 192] : 0.78125
[45, 97, 217, 224] : 0.78125
[45, 97, 224, 65] : 0.78125
[45, 97, 224, 91] : 0.78125
[45, 97, 224, 103] : 0.78125
[45, 97, 224, 105] : 0.78125
[45, 97, 224, 130] : 0.78125
[45, 97, 224, 153] : 0.78125
[45, 97, 224, 169] : 0.78125
[45, 97, 224, 192] : 0.78125
[45, 97, 224, 217] : 0.78125
[45, 103, 65, 91] : 0.78125
[45, 103, 65, 97] : 0.78125
[45, 103, 65, 105] : 0.78125
[45, 103, 65, 130] : 0.78125
[45, 103, 65, 153] : 0.78125
[45, 103, 65, 169] : 0.78125
[45, 103, 65, 192] : 0.78125
[45, 103, 65, 217] : 0.78125
[45, 103, 65, 224] : 0.78125
[45, 103, 91, 65] : 0.78125
[45, 103, 91, 97] : 0.78125
[45, 103, 91, 105] : 0.78125
[45, 103, 91, 130] : 0.78125
[45, 103, 91, 153] : 0.78125
[45, 103, 91, 169] : 0.78125
[45, 103, 91, 192] : 0.78125
[45, 103, 91, 217] : 0.78125
[45, 103, 91, 224] : 0.78125
[45, 103, 97, 65] : 0.78125
[45, 103, 97, 91] : 0.78125
[45, 103, 97, 105] : 0.78125
[45, 103, 97, 130] : 0.78125
[45, 103, 97, 153] : 0.78125
[45, 103, 97, 169] : 0.78125
[45, 103, 97, 192] : 0.78125
[45, 103, 97, 217] : 0.78125
[45, 103, 97, 224] : 0.78125
[45, 103, 105, 65] : 0.78125
[45, 103, 105, 91] : 0.78125
[45, 103, 105, 97] : 0.78125
[45, 103, 105, 130] : 0.78125
[45, 103, 105, 153] : 0.78125
[45, 103, 105, 169] : 0.78125
[45, 103, 105, 192] : 0.78125
[45, 103, 105, 217] : 0.78125
[45, 103, 105, 224] : 0.78125
[45, 103, 130, 65] : 0.78125
[45, 103, 130, 91] : 0.78125
[45, 103, 130, 97] : 0.78125
[45, 103, 130, 105] : 0.78125
[45, 103, 130, 153] : 0.78125
[45, 103, 130, 169] : 0.78125
[45, 103, 130, 192] : 0.78125
[45, 103, 130, 217] : 0.78125
[45, 103, 130, 224] : 0.78125
[45, 103, 153, 65] : 0.78125
[45, 103, 153, 91] : 0.78125
[45, 103, 153, 97] : 0.78125
[45, 103, 153, 105] : 0.78125
[45, 103, 153, 130] : 0.78125
[45, 103, 153, 169] : 0.78125
[45, 103, 153, 192] : 0.78125
[45, 103, 153, 217] : 0.78125
[45, 103, 153, 224] : 0.78125
[45, 103, 169, 65] : 0.78125
[45, 103, 169, 91] : 0.78125
[45, 103, 169, 97] : 0.78125
[45, 103, 169, 105] : 0.78125
[45, 103, 169, 130] : 0.78125
[45, 103, 169, 153] : 0.78125
[45, 103, 169, 192] : 0.78125
[45, 103, 169, 217] : 0.78125
[45, 103, 169, 224] : 0.78125
[45, 103, 192, 65] : 0.78125
[45, 103, 192, 91] : 0.78125
[45, 103, 192, 97] : 0.78125
[45, 103, 192, 105] : 0.78125
[45, 103, 192, 130] : 0.78125
[45, 103, 192, 153] : 0.78125
[45, 103, 192, 169] : 0.78125
[45, 103, 192, 217] : 0.78125
[45, 103, 192, 224] : 0.78125
[45, 103, 217, 65] : 0.78125
[45, 103, 217, 91] : 0.78125
[45, 103, 217, 97] : 0.78125
[45, 103, 217, 105] : 0.78125
[45, 103, 217, 130] : 0.78125
[45, 103, 217, 153] : 0.78125
[45, 103, 217, 169] : 0.78125
[45, 103, 217, 192] : 0.78125
[45, 103, 217, 224] : 0.78125
[45, 103, 224, 65] : 0.78125
[45, 103, 224, 91] : 0.78125
[45, 103, 224, 97] : 0.78125
[45, 103, 224, 105] : 0.78125
[45, 103, 224, 130] : 0.78125
[45, 103, 224, 153] : 0.78125
[45, 103, 224, 169] : 0.78125
[45, 103, 224, 192] : 0.78125
[45, 103, 224, 217] : 0.78125
[45, 105, 65, 91] : 0.78125
[45, 105, 65, 97] : 0.78125
[45, 105, 65, 103] : 0.78125
[45, 105, 65, 130] : 0.78125
[45, 105, 65, 153] : 0.78125
[45, 105, 65, 169] : 0.78125
[45, 105, 65, 192] : 0.78125
[45, 105, 65, 217] : 0.78125
[45, 105, 65, 224] : 0.78125
[45, 105, 91, 65] : 0.78125
[45, 105, 91, 97] : 0.78125
[45, 105, 91, 103] : 0.78125
[45, 105, 91, 130] : 0.78125
[45, 105, 91, 153] : 0.78125
[45, 105, 91, 169] : 0.78125
[45, 105, 91, 192] : 0.78125
[45, 105, 91, 217] : 0.78125
[45, 105, 91, 224] : 0.78125
[45, 105, 97, 65] : 0.78125
[45, 105, 97, 91] : 0.78125
[45, 105, 97, 103] : 0.78125
[45, 105, 97, 130] : 0.78125
[45, 105, 97, 153] : 0.78125
[45, 105, 97, 169] : 0.78125
[45, 105, 97, 192] : 0.78125
[45, 105, 97, 217] : 0.78125
[45, 105, 97, 224] : 0.78125
[45, 105, 103, 65] : 0.78125
[45, 105, 103, 91] : 0.78125
[45, 105, 103, 97] : 0.78125
[45, 105, 103, 130] : 0.78125
[45, 105, 103, 153] : 0.78125
[45, 105, 103, 169] : 0.78125
[45, 105, 103, 192] : 0.78125
[45, 105, 103, 217] : 0.78125
[45, 105, 103, 224] : 0.78125
[45, 105, 130, 65] : 0.78125
[45, 105, 130, 91] : 0.78125
[45, 105, 130, 97] : 0.78125
[45, 105, 130, 103] : 0.78125
[45, 105, 130, 153] : 0.78125
[45, 105, 130, 169] : 0.78125
[45, 105, 130, 192] : 0.78125
[45, 105, 130, 217] : 0.78125
[45, 105, 130, 224] : 0.78125
[45, 105, 153, 65] : 0.78125
[45, 105, 153, 91] : 0.78125
[45, 105, 153, 97] : 0.78125
[45, 105, 153, 103] : 0.78125
[45, 105, 153, 130] : 0.78125
[45, 105, 153, 169] : 0.78125
[45, 105, 153, 192] : 0.78125
[45, 105, 153, 217] : 0.78125
[45, 105, 153, 224] : 0.78125
[45, 105, 169, 65] : 0.78125
[45, 105, 169, 91] : 0.78125
[45, 105, 169, 97] : 0.78125
[45, 105, 169, 103] : 0.78125
[45, 105, 169, 130] : 0.78125
[45, 105, 169, 153] : 0.78125
[45, 105, 169, 192] : 0.78125
[45, 105, 169, 217] : 0.78125
[45, 105, 169, 224] : 0.78125
[45, 105, 192, 65] : 0.78125
[45, 105, 192, 91] : 0.78125
[45, 105, 192, 97] : 0.78125
[45, 105, 192, 103] : 0.78125
[45, 105, 192, 130] : 0.78125
[45, 105, 192, 153] : 0.78125
[45, 105, 192, 169] : 0.78125
[45, 105, 192, 217] : 0.78125
[45, 105, 192, 224] : 0.78125
[45, 105, 217, 65] : 0.78125
[45, 105, 217, 91] : 0.78125
[45, 105, 217, 97] : 0.78125
[45, 105, 217, 103] : 0.78125
[45, 105, 217, 130] : 0.78125
[45, 105, 217, 153] : 0.78125
[45, 105, 217, 169] : 0.78125
[45, 105, 217, 192] : 0.78125
[45, 105, 217, 224] : 0.78125
[45, 105, 224, 65] : 0.78125
[45, 105, 224, 91] : 0.78125
[45, 105, 224, 97] : 0.78125
[45, 105, 224, 103] : 0.78125
[45, 105, 224, 130] : 0.78125
[45, 105, 224, 153] : 0.78125
[45, 105, 224, 169] : 0.78125
[45, 105, 224, 192] : 0.78125
[45, 105, 224, 217] : 0.78125
[45, 130, 65, 91] : 0.78125
[45, 130, 65, 97] : 0.78125
[45, 130, 65, 103] : 0.78125
[45, 130, 65, 105] : 0.78125
[45, 130, 65, 153] : 0.78125
[45, 130, 65, 169] : 0.78125
[45, 130, 65, 192] : 0.78125
[45, 130, 65, 217] : 0.78125
[45, 130, 65, 224] : 0.78125
[45, 130, 91, 65] : 0.78125
[45, 130, 91, 97] : 0.78125
[45, 130, 91, 103] : 0.78125
[45, 130, 91, 105] : 0.78125
[45, 130, 91, 153] : 0.78125
[45, 130, 91, 169] : 0.78125
[45, 130, 91, 192] : 0.78125
[45, 130, 91, 217] : 0.78125
[45, 130, 91, 224] : 0.78125
[45, 130, 97, 65] : 0.78125
[45, 130, 97, 91] : 0.78125
[45, 130, 97, 103] : 0.78125
[45, 130, 97, 105] : 0.78125
[45, 130, 97, 153] : 0.78125
[45, 130, 97, 169] : 0.78125
[45, 130, 97, 192] : 0.78125
[45, 130, 97, 217] : 0.78125
[45, 130, 97, 224] : 0.78125
[45, 130, 103, 65] : 0.78125
[45, 130, 103, 91] : 0.78125
[45, 130, 103, 97] : 0.78125
[45, 130, 103, 105] : 0.78125
[45, 130, 103, 153] : 0.78125
[45, 130, 103, 169] : 0.78125
[45, 130, 103, 192] : 0.78125
[45, 130, 103, 217] : 0.78125
[45, 130, 103, 224] : 0.78125
[45, 130, 105, 65] : 0.78125
[45, 130, 105, 91] : 0.78125
[45, 130, 105, 97] : 0.78125
[45, 130, 105, 103] : 0.78125
[45, 130, 105, 153] : 0.78125
[45, 130, 105, 169] : 0.78125
[45, 130, 105, 192] : 0.78125
[45, 130, 105, 217] : 0.78125
[45, 130, 105, 224] : 0.78125
[45, 130, 153, 65] : 0.78125
[45, 130, 153, 91] : 0.78125
[45, 130, 153, 97] : 0.78125
[45, 130, 153, 103] : 0.78125
[45, 130, 153, 105] : 0.78125
[45, 130, 153, 169] : 0.78125
[45, 130, 153, 192] : 0.78125
[45, 130, 153, 217] : 0.78125
[45, 130, 153, 224] : 0.78125
[45, 130, 169, 65] : 0.78125
[45, 130, 169, 91] : 0.78125
[45, 130, 169, 97] : 0.78125
[45, 130, 169, 103] : 0.78125
[45, 130, 169, 105] : 0.78125
[45, 130, 169, 153] : 0.78125
[45, 130, 169, 192] : 0.78125
[45, 130, 169, 217] : 0.78125
[45, 130, 169, 224] : 0.78125
[45, 130, 192, 65] : 0.78125
[45, 130, 192, 91] : 0.78125
[45, 130, 192, 97] : 0.78125
[45, 130, 192, 103] : 0.78125
[45, 130, 192, 105] : 0.78125
[45, 130, 192, 153] : 0.78125
[45, 130, 192, 169] : 0.78125
[45, 130, 192, 217] : 0.78125
[45, 130, 192, 224] : 0.78125
[45, 130, 217, 65] : 0.78125
[45, 130, 217, 91] : 0.78125
[45, 130, 217, 97] : 0.78125
[45, 130, 217, 103] : 0.78125
[45, 130, 217, 105] : 0.78125
[45, 130, 217, 153] : 0.78125
[45, 130, 217, 169] : 0.78125
[45, 130, 217, 192] : 0.78125
[45, 130, 217, 224] : 0.78125
[45, 130, 224, 65] : 0.78125
[45, 130, 224, 91] : 0.78125
[45, 130, 224, 97] : 0.78125
[45, 130, 224, 103] : 0.78125
[45, 130, 224, 105] : 0.78125
[45, 130, 224, 153] : 0.78125
[45, 130, 224, 169] : 0.78125
[45, 130, 224, 192] : 0.78125
[45, 130, 224, 217] : 0.78125
[45, 153, 65, 91] : 0.78125
[45, 153, 65, 97] : 0.78125
[45, 153, 65, 103] : 0.78125
[45, 153, 65, 105] : 0.78125
[45, 153, 65, 130] : 0.78125
[45, 153, 65, 169] : 0.78125
[45, 153, 65, 192] : 0.78125
[45, 153, 65, 217] : 0.78125
[45, 153, 65, 224] : 0.78125
[45, 153, 91, 65] : 0.78125
[45, 153, 91, 97] : 0.78125
[45, 153, 91, 103] : 0.78125
[45, 153, 91, 105] : 0.78125
[45, 153, 91, 130] : 0.78125
[45, 153, 91, 169] : 0.78125
[45, 153, 91, 192] : 0.78125
[45, 153, 91, 217] : 0.78125
[45, 153, 91, 224] : 0.78125
[45, 153, 97, 65] : 0.78125
[45, 153, 97, 91] : 0.78125
[45, 153, 97, 103] : 0.78125
[45, 153, 97, 105] : 0.78125
[45, 153, 97, 130] : 0.78125
[45, 153, 97, 169] : 0.78125
[45, 153, 97, 192] : 0.78125
[45, 153, 97, 217] : 0.78125
[45, 153, 97, 224] : 0.78125
[45, 153, 103, 65] : 0.78125
[45, 153, 103, 91] : 0.78125
[45, 153, 103, 97] : 0.78125
[45, 153, 103, 105] : 0.78125
[45, 153, 103, 130] : 0.78125
[45, 153, 103, 169] : 0.78125
[45, 153, 103, 192] : 0.78125
[45, 153, 103, 217] : 0.78125
[45, 153, 103, 224] : 0.78125
[45, 153, 105, 65] : 0.78125
[45, 153, 105, 91] : 0.78125
[45, 153, 105, 97] : 0.78125
[45, 153, 105, 103] : 0.78125
[45, 153, 105, 130] : 0.78125
[45, 153, 105, 169] : 0.78125
[45, 153, 105, 192] : 0.78125
[45, 153, 105, 217] : 0.78125
[45, 153, 105, 224] : 0.78125
[45, 153, 130, 65] : 0.78125
[45, 153, 130, 91] : 0.78125
[45, 153, 130, 97] : 0.78125
[45, 153, 130, 103] : 0.78125
[45, 153, 130, 105] : 0.78125
[45, 153, 130, 169] : 0.78125
[45, 153, 130, 192] : 0.78125
[45, 153, 130, 217] : 0.78125
[45, 153, 130, 224] : 0.78125
[45, 153, 169, 65] : 0.78125
[45, 153, 169, 91] : 0.78125
[45, 153, 169, 97] : 0.78125
[45, 153, 169, 103] : 0.78125
[45, 153, 169, 105] : 0.78125
[45, 153, 169, 130] : 0.78125
[45, 153, 169, 192] : 0.78125
[45, 153, 169, 217] : 0.78125
[45, 153, 169, 224] : 0.78125
[45, 153, 192, 65] : 0.78125
[45, 153, 192, 91] : 0.78125
[45, 153, 192, 97] : 0.78125
[45, 153, 192, 103] : 0.78125
[45, 153, 192, 105] : 0.78125
[45, 153, 192, 130] : 0.78125
[45, 153, 192, 169] : 0.78125
[45, 153, 192, 217] : 0.78125
[45, 153, 192, 224] : 0.78125
[45, 153, 217, 65] : 0.78125
[45, 153, 217, 91] : 0.78125
[45, 153, 217, 97] : 0.78125
[45, 153, 217, 103] : 0.78125
[45, 153, 217, 105] : 0.78125
[45, 153, 217, 130] : 0.78125
[45, 153, 217, 169] : 0.78125
[45, 153, 217, 192] : 0.78125
[45, 153, 217, 224] : 0.78125
[45, 153, 224, 65] : 0.78125
[45, 153, 224, 91] : 0.78125
[45, 153, 224, 97] : 0.78125
[45, 153, 224, 103] : 0.78125
[45, 153, 224, 105] : 0.78125
[45, 153, 224, 130] : 0.78125
[45, 153, 224, 169] : 0.78125
[45, 153, 224, 192] : 0.78125
[45, 153, 224, 217] : 0.78125
[45, 169, 65, 91] : 0.78125
[45, 169, 65, 97] : 0.78125
[45, 169, 65, 103] : 0.78125
[45, 169, 65, 105] : 0.78125
[45, 169, 65, 130] : 0.78125
[45, 169, 65, 153] : 0.78125
[45, 169, 65, 192] : 0.78125
[45, 169, 65, 217] : 0.78125
[45, 169, 65, 224] : 0.78125
[45, 169, 91, 65] : 0.78125
[45, 169, 91, 97] : 0.78125
[45, 169, 91, 103] : 0.78125
[45, 169, 91, 105] : 0.78125
[45, 169, 91, 130] : 0.78125
[45, 169, 91, 153] : 0.78125
[45, 169, 91, 192] : 0.78125
[45, 169, 91, 217] : 0.78125
[45, 169, 91, 224] : 0.78125
[45, 169, 97, 65] : 0.78125
[45, 169, 97, 91] : 0.78125
[45, 169, 97, 103] : 0.78125
[45, 169, 97, 105] : 0.78125
[45, 169, 97, 130] : 0.78125
[45, 169, 97, 153] : 0.78125
[45, 169, 97, 192] : 0.78125
[45, 169, 97, 217] : 0.78125
[45, 169, 97, 224] : 0.78125
[45, 169, 103, 65] : 0.78125
[45, 169, 103, 91] : 0.78125
[45, 169, 103, 97] : 0.78125
[45, 169, 103, 105] : 0.78125
[45, 169, 103, 130] : 0.78125
[45, 169, 103, 153] : 0.78125
[45, 169, 103, 192] : 0.78125
[45, 169, 103, 217] : 0.78125
[45, 169, 103, 224] : 0.78125
[45, 169, 105, 65] : 0.78125
[45, 169, 105, 91] : 0.78125
[45, 169, 105, 97] : 0.78125
[45, 169, 105, 103] : 0.78125
[45, 169, 105, 130] : 0.78125
[45, 169, 105, 153] : 0.78125
[45, 169, 105, 192] : 0.78125
[45, 169, 105, 217] : 0.78125
[45, 169, 105, 224] : 0.78125
[45, 169, 130, 65] : 0.78125
[45, 169, 130, 91] : 0.78125
[45, 169, 130, 97] : 0.78125
[45, 169, 130, 103] : 0.78125
[45, 169, 130, 105] : 0.78125
[45, 169, 130, 153] : 0.78125
[45, 169, 130, 192] : 0.78125
[45, 169, 130, 217] : 0.78125
[45, 169, 130, 224] : 0.78125
[45, 169, 153, 65] : 0.78125
[45, 169, 153, 91] : 0.78125
[45, 169, 153, 97] : 0.78125
[45, 169, 153, 103] : 0.78125
[45, 169, 153, 105] : 0.78125
[45, 169, 153, 130] : 0.78125
[45, 169, 153, 192] : 0.78125
[45, 169, 153, 217] : 0.78125
[45, 169, 153, 224] : 0.78125
[45, 169, 192, 65] : 0.78125
[45, 169, 192, 91] : 0.78125
[45, 169, 192, 97] : 0.78125
[45, 169, 192, 103] : 0.78125
[45, 169, 192, 105] : 0.78125
[45, 169, 192, 130] : 0.78125
[45, 169, 192, 153] : 0.78125
[45, 169, 192, 217] : 0.78125
[45, 169, 192, 224] : 0.78125
[45, 169, 217, 65] : 0.78125
[45, 169, 217, 91] : 0.78125
[45, 169, 217, 97] : 0.78125
[45, 169, 217, 103] : 0.78125
[45, 169, 217, 105] : 0.78125
[45, 169, 217, 130] : 0.78125
[45, 169, 217, 153] : 0.78125
[45, 169, 217, 192] : 0.78125
[45, 169, 217, 224] : 0.78125
[45, 169, 224, 65] : 0.78125
[45, 169, 224, 91] : 0.78125
[45, 169, 224, 97] : 0.78125
[45, 169, 224, 103] : 0.78125
[45, 169, 224, 105] : 0.78125
[45, 169, 224, 130] : 0.78125
[45, 169, 224, 153] : 0.78125
[45, 169, 224, 192] : 0.78125
[45, 169, 224, 217] : 0.78125
[45, 192, 65, 91] : 0.78125
[45, 192, 65, 97] : 0.78125
[45, 192, 65, 103] : 0.78125
[45, 192, 65, 105] : 0.78125
[45, 192, 65, 130] : 0.78125
[45, 192, 65, 153] : 0.78125
[45, 192, 65, 169] : 0.78125
[45, 192, 65, 217] : 0.78125
[45, 192, 65, 224] : 0.78125
[45, 192, 91, 65] : 0.78125
[45, 192, 91, 97] : 0.78125
[45, 192, 91, 103] : 0.78125
[45, 192, 91, 105] : 0.78125
[45, 192, 91, 130] : 0.78125
[45, 192, 91, 153] : 0.78125
[45, 192, 91, 169] : 0.78125
[45, 192, 91, 217] : 0.78125
[45, 192, 91, 224] : 0.78125
[45, 192, 97, 65] : 0.78125
[45, 192, 97, 91] : 0.78125
[45, 192, 97, 103] : 0.78125
[45, 192, 97, 105] : 0.78125
[45, 192, 97, 130] : 0.78125
[45, 192, 97, 153] : 0.78125
[45, 192, 97, 169] : 0.78125
[45, 192, 97, 217] : 0.78125
[45, 192, 97, 224] : 0.78125
[45, 192, 103, 65] : 0.78125
[45, 192, 103, 91] : 0.78125
[45, 192, 103, 97] : 0.78125
[45, 192, 103, 105] : 0.78125
[45, 192, 103, 130] : 0.78125
[45, 192, 103, 153] : 0.78125
[45, 192, 103, 169] : 0.78125
[45, 192, 103, 217] : 0.78125
[45, 192, 103, 224] : 0.78125
[45, 192, 105, 65] : 0.78125
[45, 192, 105, 91] : 0.78125
[45, 192, 105, 97] : 0.78125
[45, 192, 105, 103] : 0.78125
[45, 192, 105, 130] : 0.78125
[45, 192, 105, 153] : 0.78125
[45, 192, 105, 169] : 0.78125
[45, 192, 105, 217] : 0.78125
[45, 192, 105, 224] : 0.78125
[45, 192, 130, 65] : 0.78125
[45, 192, 130, 91] : 0.78125
[45, 192, 130, 97] : 0.78125
[45, 192, 130, 103] : 0.78125
[45, 192, 130, 105] : 0.78125
[45, 192, 130, 153] : 0.78125
[45, 192, 130, 169] : 0.78125
[45, 192, 130, 217] : 0.78125
[45, 192, 130, 224] : 0.78125
[45, 192, 153, 65] : 0.78125
[45, 192, 153, 91] : 0.78125
[45, 192, 153, 97] : 0.78125
[45, 192, 153, 103] : 0.78125
[45, 192, 153, 105] : 0.78125
[45, 192, 153, 130] : 0.78125
[45, 192, 153, 169] : 0.78125
[45, 192, 153, 217] : 0.78125
[45, 192, 153, 224] : 0.78125
[45, 192, 169, 65] : 0.78125
[45, 192, 169, 91] : 0.78125
[45, 192, 169, 97] : 0.78125
[45, 192, 169, 103] : 0.78125
[45, 192, 169, 105] : 0.78125
[45, 192, 169, 130] : 0.78125
[45, 192, 169, 153] : 0.78125
[45, 192, 169, 217] : 0.78125
[45, 192, 169, 224] : 0.78125
[45, 192, 217, 65] : 0.78125
[45, 192, 217, 91] : 0.78125
[45, 192, 217, 97] : 0.78125
[45, 192, 217, 103] : 0.78125
[45, 192, 217, 105] : 0.78125
[45, 192, 217, 130] : 0.78125
[45, 192, 217, 153] : 0.78125
[45, 192, 217, 169] : 0.78125
[45, 192, 217, 224] : 0.78125
[45, 192, 224, 65] : 0.78125
[45, 192, 224, 91] : 0.78125
[45, 192, 224, 97] : 0.78125
[45, 192, 224, 103] : 0.78125
[45, 192, 224, 105] : 0.78125
[45, 192, 224, 130] : 0.78125
[45, 192, 224, 153] : 0.78125
[45, 192, 224, 169] : 0.78125
[45, 192, 224, 217] : 0.78125
[45, 217, 65, 91] : 0.78125
[45, 217, 65, 97] : 0.78125
[45, 217, 65, 103] : 0.78125
[45, 217, 65, 105] : 0.78125
[45, 217, 65, 130] : 0.78125
[45, 217, 65, 153] : 0.78125
[45, 217, 65, 169] : 0.78125
[45, 217, 65, 192] : 0.78125
[45, 217, 65, 224] : 0.78125
[45, 217, 91, 65] : 0.78125
[45, 217, 91, 97] : 0.78125
[45, 217, 91, 103] : 0.78125
[45, 217, 91, 105] : 0.78125
[45, 217, 91, 130] : 0.78125
[45, 217, 91, 153] : 0.78125
[45, 217, 91, 169] : 0.78125
[45, 217, 91, 192] : 0.78125
[45, 217, 91, 224] : 0.78125
[45, 217, 97, 65] : 0.78125
[45, 217, 97, 91] : 0.78125
[45, 217, 97, 103] : 0.78125
[45, 217, 97, 105] : 0.78125
[45, 217, 97, 130] : 0.78125
[45, 217, 97, 153] : 0.78125
[45, 217, 97, 169] : 0.78125
[45, 217, 97, 192] : 0.78125
[45, 217, 97, 224] : 0.78125
[45, 217, 103, 65] : 0.78125
[45, 217, 103, 91] : 0.78125
[45, 217, 103, 97] : 0.78125
[45, 217, 103, 105] : 0.78125
[45, 217, 103, 130] : 0.78125
[45, 217, 103, 153] : 0.78125
[45, 217, 103, 169] : 0.78125
[45, 217, 103, 192] : 0.78125
[45, 217, 103, 224] : 0.78125
[45, 217, 105, 65] : 0.78125
[45, 217, 105, 91] : 0.78125
[45, 217, 105, 97] : 0.78125
[45, 217, 105, 103] : 0.78125
[45, 217, 105, 130] : 0.78125
[45, 217, 105, 153] : 0.78125
[45, 217, 105, 169] : 0.78125
[45, 217, 105, 192] : 0.78125
[45, 217, 105, 224] : 0.78125
[45, 217, 130, 65] : 0.78125
[45, 217, 130, 91] : 0.78125
[45, 217, 130, 97] : 0.78125
[45, 217, 130, 103] : 0.78125
[45, 217, 130, 105] : 0.78125
[45, 217, 130, 153] : 0.78125
[45, 217, 130, 169] : 0.78125
[45, 217, 130, 192] : 0.78125
[45, 217, 130, 224] : 0.78125
[45, 217, 153, 65] : 0.78125
[45, 217, 153, 91] : 0.78125
[45, 217, 153, 97] : 0.78125
[45, 217, 153, 103] : 0.78125
[45, 217, 153, 105] : 0.78125
[45, 217, 153, 130] : 0.78125
[45, 217, 153, 169] : 0.78125
[45, 217, 153, 192] : 0.78125
[45, 217, 153, 224] : 0.78125
[45, 217, 169, 65] : 0.78125
[45, 217, 169, 91] : 0.78125
[45, 217, 169, 97] : 0.78125
[45, 217, 169, 103] : 0.78125
[45, 217, 169, 105] : 0.78125
[45, 217, 169, 130] : 0.78125
[45, 217, 169, 153] : 0.78125
[45, 217, 169, 192] : 0.78125
[45, 217, 169, 224] : 0.78125
[45, 217, 192, 65] : 0.78125
[45, 217, 192, 91] : 0.78125
[45, 217, 192, 97] : 0.78125
[45, 217, 192, 103] : 0.78125
[45, 217, 192, 105] : 0.78125
[45, 217, 192, 130] : 0.78125
[45, 217, 192, 153] : 0.78125
[45, 217, 192, 169] : 0.78125
[45, 217, 192, 224] : 0.78125
[45, 217, 224, 65] : 0.78125
[45, 217, 224, 91] : 0.78125
[45, 217, 224, 97] : 0.78125
[45, 217, 224, 103] : 0.78125
[45, 217, 224, 105] : 0.78125
[45, 217, 224, 130] : 0.78125
[45, 217, 224, 153] : 0.78125
[45, 217, 224, 169] : 0.78125
[45, 217, 224, 192] : 0.78125
[45, 224, 65, 91] : 0.78125
[45, 224, 65, 97] : 0.78125
[45, 224, 65, 103] : 0.78125
[45, 224, 65, 105] : 0.78125
[45, 224, 65, 130] : 0.78125
[45, 224, 65, 153] : 0.78125
[45, 224, 65, 169] : 0.78125
[45, 224, 65, 192] : 0.78125
[45, 224, 65, 217] : 0.78125
[45, 224, 91, 65] : 0.78125
[45, 224, 91, 97] : 0.78125
[45, 224, 91, 103] : 0.78125
[45, 224, 91, 105] : 0.78125
[45, 224, 91, 130] : 0.78125
[45, 224, 91, 153] : 0.78125
[45, 224, 91, 169] : 0.78125
[45, 224, 91, 192] : 0.78125
[45, 224, 91, 217] : 0.78125
[45, 224, 97, 65] : 0.78125
[45, 224, 97, 91] : 0.78125
[45, 224, 97, 103] : 0.78125
[45, 224, 97, 105] : 0.78125
[45, 224, 97, 130] : 0.78125
[45, 224, 97, 153] : 0.78125
[45, 224, 97, 169] : 0.78125
[45, 224, 97, 192] : 0.78125
[45, 224, 97, 217] : 0.78125
[45, 224, 103, 65] : 0.78125
[45, 224, 103, 91] : 0.78125
[45, 224, 103, 97] : 0.78125
[45, 224, 103, 105] : 0.78125
[45, 224, 103, 130] : 0.78125
[45, 224, 103, 153] : 0.78125
[45, 224, 103, 169] : 0.78125
[45, 224, 103, 192] : 0.78125
[45, 224, 103, 217] : 0.78125
[45, 224, 105, 65] : 0.78125
[45, 224, 105, 91] : 0.78125
[45, 224, 105, 97] : 0.78125
[45, 224, 105, 103] : 0.78125
[45, 224, 105, 130] : 0.78125
[45, 224, 105, 153] : 0.78125
[45, 224, 105, 169] : 0.78125
[45, 224, 105, 192] : 0.78125
[45, 224, 105, 217] : 0.78125
[45, 224, 130, 65] : 0.78125
[45, 224, 130, 91] : 0.78125
[45, 224, 130, 97] : 0.78125
[45, 224, 130, 103] : 0.78125
[45, 224, 130, 105] : 0.78125
[45, 224, 130, 153] : 0.78125
[45, 224, 130, 169] : 0.78125
[45, 224, 130, 192] : 0.78125
[45, 224, 130, 217] : 0.78125
[45, 224, 153, 65] : 0.78125
[45, 224, 153, 91] : 0.78125
[45, 224, 153, 97] : 0.78125
[45, 224, 153, 103] : 0.78125
[45, 224, 153, 105] : 0.78125
[45, 224, 153, 130] : 0.78125
[45, 224, 153, 169] : 0.78125
[45, 224, 153, 192] : 0.78125
[45, 224, 153, 217] : 0.78125
[45, 224, 169, 65] : 0.78125
[45, 224, 169, 91] : 0.78125
[45, 224, 169, 97] : 0.78125
[45, 224, 169, 103] : 0.78125
[45, 224, 169, 105] : 0.78125
[45, 224, 169, 130] : 0.78125
[45, 224, 169, 153] : 0.78125
[45, 224, 169, 192] : 0.78125
[45, 224, 169, 217] : 0.78125
[45, 224, 192, 65] : 0.78125
[45, 224, 192, 91] : 0.78125
[45, 224, 192, 97] : 0.78125
[45, 224, 192, 103] : 0.78125
[45, 224, 192, 105] : 0.78125
[45, 224, 192, 130] : 0.78125
[45, 224, 192, 153] : 0.78125
[45, 224, 192, 169] : 0.78125
[45, 224, 192, 217] : 0.78125
[45, 224, 217, 65] : 0.78125
[45, 224, 217, 91] : 0.78125
[45, 224, 217, 97] : 0.78125
[45, 224, 217, 103] : 0.78125
[45, 224, 217, 105] : 0.78125
[45, 224, 217, 130] : 0.78125
[45, 224, 217, 153] : 0.78125
[45, 224, 217, 169] : 0.78125
[45, 224, 217, 192] : 0.78125
[65, 45, 91, 97] : 0.78125
[65, 45, 91, 103] : 0.78125
[65, 45, 91, 105] : 0.78125
[65, 45, 91, 130] : 0.78125
[65, 45, 91, 153] : 0.78125
[65, 45, 91, 169] : 0.78125
[65, 45, 91, 192] : 0.78125
[65, 45, 91, 217] : 0.78125
[65, 45, 91, 224] : 0.78125
[65, 45, 97, 91] : 0.78125
[65, 45, 97, 103] : 0.78125
[65, 45, 97, 105] : 0.78125
[65, 45, 97, 130] : 0.78125
[65, 45, 97, 153] : 0.78125
[65, 45, 97, 169] : 0.78125
[65, 45, 97, 192] : 0.78125
